1745845211031 0.6229168063402176 0
1745845211059 0.4301051533222198 1
1745845211076 0.3497763080894947 2
1745845211092 0.3228955787420273 3
1745845211109 0.2963061085343361 4
1745845211125 0.2917995911836624 5
1745845211141 0.29647075697779657 6
1745845211157 0.28328076988458634 7
1745845211173 0.2554598741233349 8
1745845211189 0.2625402406603098 9
1745845211205 0.26292783200740816 10
1745845211222 0.2613139972835779 11
1745845211238 0.2513114444166422 12
1745845211256 0.2427293598651886 13
1745845211274 0.22589394956827163 14
1745845211290 0.23709994524717332 15
1745845211305 0.2192880281060934 16
1745845211321 0.21706255078315734 17
1745845211337 0.2144506134092808 18
1745845211353 0.20946635499596597 19
