1745845368208 0.6221716713905334 0
1745845368220 0.42437225103378295 1
1745845368233 0.33990365505218506 2
1745845368245 0.31472465217113493 3
1745845368256 0.2984825372695923 4
1745845368306 0.2830915057659149 5
1745845368327 0.27624589383602144 6
1745845368338 0.26561698377132414 7
1745845368349 0.2557202336192131 8
1745845368361 0.24794291019439696 9
1745845368372 0.2430079111456871 10
1745845368384 0.2399159324169159 11
1745845368395 0.22609662503004074 12
1745845368406 0.2217584365606308 13
1745845368418 0.2097359573841095 14
1745845368429 0.1955590581893921 15
1745845368447 0.1903661820292473 16
1745845368459 0.19261605381965638 17
1745845368469 0.18625810489058495 18
1745845368480 0.1843073672056198 19
