1745845207171 0.4623796850442886 0
1745845207181 0.320729244351387 1
1745845207194 0.3077077287435532 2
1745845207205 0.2810389310121536 3
1745845207215 0.25933639734983444 4
1745845207226 0.23660341054201126 5
1745845207236 0.22428317427635192 6
1745845207247 0.22776434272527696 7
1745845207257 0.21316306293010712 8
1745845207267 0.21464321315288543 9
1745845207277 0.1989307290315628 10
1745845207287 0.17971623703837394 11
1745845207296 0.18450041055679323 12
1745845207306 0.1786743801832199 13
1745845207317 0.17277957156300544 14
1745845207327 0.1789944064617157 15
1745845207337 0.15772366605699062 16
1745845207347 0.14501820847392083 17
1745845207356 0.12633299916982652 18
1745845207366 0.13595176696777345 19
