1745845201195 0.6873570370674134 0
1745845201205 0.6410373091697693 1
1745845201230 0.5728379726409912 2
1745845201244 0.4796546113491058 3
1745845201256 0.4132964444160461 4
1745845201311 0.37113844335079194 5
1745845201332 0.35045499801635743 6
1745845201343 0.33488152325153353 7
1745845201353 0.32243152797222135 8
1745845201363 0.3041080242395401 9
1745845201373 0.2941531652212143 10
1745845201383 0.2992363458871841 11
1745845201393 0.2995635497570038 12
1745845201403 0.2940401154756546 13
1745845201413 0.2877021843194962 14
1745845201423 0.2853718426823616 15
1745845201432 0.2879917246103287 16
1745845201442 0.2820539483428001 17
1745845201452 0.2795809543132782 18
1745845201463 0.2753477156162262 19
