1745904840432 0.6409659743309021 0
1745904840443 0.5304117596149445 1
1745904840454 0.39838935852050783 2
1745904840494 0.34339753329753875 3
1745904840510 0.308597948551178 4
1745904840520 0.3017422732710838 5
1745904840529 0.2967355930805206 6
1745904840539 0.29565959095954897 7
1745904840549 0.280924092233181 8
1745904840558 0.27502076923847196 9
1745904840567 0.266706138253212 10
1745904840577 0.2704647356271744 11
1745904840586 0.2713606232404709 12
1745904840595 0.2560502362251282 13
1745904840605 0.23582735538482666 14
1745904840615 0.2455611628293991 15
1745904840624 0.2384783446788788 16
1745904840633 0.23254304617643357 17
1745904840643 0.23618223786354064 18
1745904840652 0.23879903972148894 19
