1745845377784 0.6890452687556927 0
1745845377792 0.6274988009379461 1
1745845377799 0.5581385218180143 2
1745845377806 0.4768686317480527 3
1745845377813 0.407155848466433 4
1745845377821 0.36641964545616734 5
1745845377828 0.3404257870637454 6
1745845377835 0.33255094289779663 7
1745845377843 0.3148236114245195 8
1745845377850 0.3293847441673279 9
1745845377857 0.3137172701267096 10
1745845377864 0.28739008880578554 11
1745845377871 0.289566837824308 12
1745845377878 0.29858554899692535 13
1745845377885 0.28616915070093596 14
1745845377892 0.2927488134457515 15
1745845377899 0.2708520327623074 16
1745845377906 0.27508120697278243 17
1745845377913 0.26722962810442996 18
1745845377919 0.2634532612103682 19
