1745845205192 0.6794839167594909 0
1745845205203 0.6043094658851623 1
1745845205215 0.460207439661026 2
1745845205228 0.3546620738506317 3
1745845205239 0.3258285254240036 4
1745845205251 0.32069516837596895 5
1745845205263 0.31375356554985045 6
1745845205275 0.28133741319179534 7
1745845205286 0.3027576386928558 8
1745845205298 0.2942212760448456 9
1745845205310 0.286209289431572 10
1745845205321 0.26563374549150465 11
1745845205340 0.2537306293845177 12
1745845205352 0.270292104780674 13
1745845205363 0.2611528700590134 14
1745845205375 0.24718029856681822 15
1745845205387 0.25138807177543643 16
1745845205399 0.2281032222509384 17
1745845205412 0.24871289670467378 18
1745845205423 0.23280993342399597 19
