1745845217225 0.666796510219574 0
1745845217237 0.5682940268516541 1
1745845217247 0.4583385944366455 2
1745845217258 0.3863894605636597 3
1745845217270 0.36206023216247557 4
1745845217282 0.34786716163158415 5
1745845217293 0.33317919075489044 6
1745845217304 0.3286809682846069 7
1745845217314 0.31121964514255523 8
1745845217325 0.2861749917268753 9
1745845217336 0.2996684104204178 10
1745845217347 0.2890635865926743 11
1745845217357 0.27524466514587403 12
1745845217367 0.28518705248832704 13
1745845217378 0.29003735721111296 14
1745845217389 0.2675739097595215 15
1745845217399 0.261291444003582 16
1745845217410 0.28338235527276995 17
1745845217420 0.27466088712215425 18
1745845217431 0.2678970015048981 19
