1745845374001 0.7020769548416138 0
1745845374011 0.6898537874221802 1
1745845374022 0.6813922882080078 2
1745845374032 0.6720671701431274 3
1745845374042 0.6617328929901123 4
1745845374053 0.6501988744735718 5
1745845374063 0.6445522284507752 6
1745845374073 0.6339533209800721 7
1745845374083 0.6222722291946411 8
1745845374093 0.6125941753387452 9
1745845374103 0.5957001638412476 10
1745845374113 0.5855282664299011 11
1745845374123 0.5752194428443909 12
1745845374133 0.5632751989364624 13
1745845374143 0.5426288032531739 14
1745845374152 0.5259219813346863 15
1745845374162 0.5182733964920044 16
1745845374172 0.5011907625198364 17
1745845374183 0.48031470537185667 18
1745845374193 0.475876727104187 19
