1745845379579 0.6399876546859741 0
1745845379590 0.5291687273979186 1
1745845379600 0.42042579770088195 2
1745845379610 0.34865197002887727 3
1745845379620 0.31298214077949527 4
1745845379630 0.2988054913282394 5
1745845379641 0.2841307234764099 6
1745845379653 0.28422341525554656 7
1745845379663 0.26672923177480695 8
1745845379674 0.2592985463142395 9
1745845379684 0.2523161897063255 10
1745845379693 0.24502599000930786 11
1745845379703 0.23337029039859772 12
1745845379712 0.2417779916524887 13
1745845379722 0.22722692728042604 14
1745845379733 0.22611333668231964 15
1745845379743 0.21579775989055633 16
1745845379753 0.20630378186702727 17
1745845379764 0.20417798966169357 18
1745845379775 0.20785327702760698 19
