1745845366306 0.6618219566345215 0
1745845366318 0.6042167258262634 1
1745845366329 0.5391849231719971 2
1745845366340 0.44960052013397217 3
1745845366350 0.39244852781295775 4
1745845366363 0.35708012759685515 5
1745845366372 0.3226232045888901 6
1745845366383 0.3153522616624832 7
1745845366393 0.3130990767478943 8
1745845366403 0.30695327997207644 9
1745845366412 0.28939455628395083 10
1745845366422 0.3061120718717575 11
1745845366433 0.30454641819000244 12
1745845366442 0.29191135346889496 13
1745845366452 0.288840554356575 14
1745845366461 0.28747610688209535 15
1745845366471 0.2738874340057373 16
1745845366480 0.27737232476472856 17
1745845366490 0.2742379319667816 18
1745845366500 0.2665731844305992 19
