1745845364370 0.6660378694534301 0
1745845364381 0.5756846368312836 1
1745845364391 0.4559648835659027 2
1745845364402 0.37112308740615846 3
1745845364412 0.33936660170555116 4
1745845364421 0.31600510656833647 5
1745845364431 0.32687026023864746 6
1745845364442 0.30610723316669464 7
1745845364452 0.2995322409272194 8
1745845364462 0.302262915968895 9
1745845364472 0.2782814341783524 10
1745845364483 0.28027875304222105 11
1745845364493 0.28157657831907273 12
1745845364503 0.2710160946846008 13
1745845364513 0.2782499557733536 14
1745845364523 0.25384059399366377 15
1745845364533 0.2481860938668251 16
1745845364543 0.2579459950327873 17
1745845364553 0.24496252954006195 18
1745845364563 0.24036617636680602 19
