1745845215045 0.6575468015670777 0
1745845215057 0.5434527242183685 1
1745845215072 0.41019551396369935 2
1745845215084 0.3333357244729996 3
1745845215097 0.3144798403978348 4
1745845215110 0.2986708047986031 5
1745845215124 0.29385471761226656 6
1745845215136 0.2837003442645073 7
1745845215148 0.2707407060265541 8
1745845215159 0.2654949456453323 9
1745845215176 0.2631566163897514 10
1745845215190 0.2529284331202507 11
1745845215203 0.2475262215733528 12
1745845215215 0.2341533464193344 13
1745845215229 0.23495739877223967 14
1745845215239 0.2305698961019516 15
1745845215249 0.2181638878583908 16
1745845215260 0.21073859453201294 17
1745845215271 0.21682525366544725 18
1745845215282 0.20603174537420274 19
