1745845203242 0.5982221853733063 0
1745845203255 0.40842499673366545 1
1745845203266 0.3319399207830429 2
1745845203278 0.2975541099905968 3
1745845203289 0.30440918028354647 4
1745845203302 0.2917019087076187 5
1745845203314 0.27639574229717256 6
1745845203326 0.26503454566001894 7
1745845203338 0.2576018154621124 8
1745845203350 0.25375945210456846 9
1745845203361 0.24728739857673646 10
1745845203377 0.234483824968338 11
1745845203390 0.2349740445613861 12
1745845203404 0.23132939547300338 13
1745845203414 0.21428907543420792 14
1745845203425 0.20963261604309083 15
1745845203436 0.2007954002916813 16
1745845203447 0.1922052189707756 17
1745845203457 0.1799742180109024 18
1745845203468 0.1819178941845894 19
