1745845381426 0.6435675621032715 0
1745845381437 0.54053719997406 1
1745845381448 0.416629923582077 2
1745845381459 0.3634327387809753 3
1745845381469 0.33332967936992647 4
1745845381479 0.3254939889907837 5
1745845381490 0.3182918629050255 6
1745845381500 0.29889849096536636 7
1745845381510 0.3102733641862869 8
1745845381556 0.2913940304517746 9
1745845381574 0.2873853999376297 10
1745845381583 0.30135250866413116 11
1745845381593 0.2702339604496956 12
1745845381603 0.27208176761865616 13
1745845381613 0.28401838570833204 14
1745845381622 0.27618853986263275 15
1745845381632 0.25122153460979463 16
1745845381642 0.2645678570866585 17
1745845381654 0.26482688397169113 18
1745845381664 0.2463825362920761 19
