1745908682671 0.6610893034934997 0
1745908682680 0.5439320600032806 1
1745908682690 0.4105895537137985 2
1745908682700 0.3409064877033234 3
1745908682709 0.33511854350566866 4
1745908682719 0.3013831788301468 5
1745908682729 0.30245460212230685 6
1745908682739 0.3067415076494217 7
1745908682749 0.2965728831291199 8
1745908682761 0.2824113953113556 9
1745908682772 0.27512345373630526 10
1745908682782 0.2645274367928505 11
1745908682794 0.2742129212617874 12
1745908682804 0.25127931267023085 13
1745908682814 0.24296843230724335 14
1745908682824 0.25224920868873596 15
1745908682835 0.24577458798885346 16
1745908682845 0.24304352164268495 17
1745908682855 0.2496692207455635 18
1745908682864 0.2304408933222294 19
