1745845372131 0.4470576524734497 0
1745845372142 0.3175212109088898 1
1745845372152 0.29105323791503906 2
1745845372162 0.26760683476924896 3
1745845372173 0.24545783877372743 4
1745845372183 0.2382106775045395 5
1745845372193 0.22352458983659745 6
1745845372203 0.19029904335737227 7
1745845372213 0.21317784637212753 8
1745845372223 0.21845124870538712 9
1745845372232 0.188872152864933 10
1745845372242 0.17591229557991028 11
1745845372252 0.1938692745566368 12
1745845372264 0.16103695899248124 13
1745845372275 0.16686551064252853 14
1745845372286 0.16132543176412584 15
1745845372298 0.1477975906431675 16
1745845372309 0.14551641061902046 17
1745845372319 0.14817300260066987 18
1745845372330 0.14298138201236724 19
