1745904606204 0.6786940717697143 0
1745904606214 0.5745458674430847 1
1745904606225 0.45198765993118284 2
1745904606235 0.37603130578994753 3
1745904606246 0.3300288164615631 4
1745904606268 0.3208697754144669 5
1745904606306 0.3108383101224899 6
1745904606318 0.29563174784183505 7
1745904606332 0.2878460568189621 8
1745904606342 0.28163214564323424 9
1745904606352 0.27702523380517957 10
1745904606361 0.2733615219593048 11
1745904606371 0.269913381934166 12
1745904606381 0.26318866640329364 13
1745904606390 0.25194890588521957 14
1745904606400 0.24358168065547944 15
1745904606409 0.251720127761364 16
1745904606419 0.23307435005903243 17
1745904606428 0.23241842091083526 18
1745904606438 0.24633072137832643 19
