1745845375844 0.5876873981952667 0
1745845375861 0.392201161980629 1
1745845375878 0.3335582949221134 2
1745845375894 0.31081692487001417 3
1745845375910 0.3007176558673382 4
1745845375926 0.2861927029490471 5
1745845375943 0.2894017016887665 6
1745845375959 0.27598441526293754 7
1745845375974 0.2651039393246174 8
1745845375991 0.2657237508520484 9
1745845376006 0.2513804405927658 10
1745845376022 0.250594529658556 11
1745845376038 0.25326438501477244 12
1745845376053 0.23317923866212367 13
1745845376069 0.23124322853982449 14
1745845376085 0.22169581100344657 15
1745845376100 0.23212860003113747 16
1745845376116 0.22501174479722977 17
1745845376135 0.21117927864193917 18
1745845376168 0.2048410027846694 19
