1745908357251 0.6515878987312317 0
1745908357261 0.5453410267829895 1
1745908357271 0.43391255140304563 2
1745908357281 0.36065211772918704 3
1745908357291 0.33722477793693545 4
1745908357302 0.31602772772312165 5
1745908357313 0.30600284576416015 6
1745908357323 0.3054715532064438 7
1745908357333 0.2955954149365425 8
1745908357344 0.2900177413225174 9
1745908357354 0.2876344391703606 10
1745908357364 0.27828213542699815 11
1745908357374 0.2693234971165657 12
1745908357384 0.266219220161438 13
1745908357394 0.2710108006000519 14
1745908357405 0.2638017511367798 15
1745908357415 0.24919906616210938 16
1745908357425 0.2435715228319168 17
1745908357435 0.2434410098195076 18
1745908357446 0.23694621294736862 19
