1745845213131 0.6897648664621207 0
1745845213139 0.6442211270332336 1
1745845213146 0.5847382224523104 2
1745845213155 0.4972898570390848 3
1745845213162 0.4193042241610013 4
1745845213170 0.364506538097675 5
1745845213178 0.3420074444550734 6
1745845213185 0.32157360590421236 7
1745845213192 0.32167254388332367 8
1745845213200 0.2934170434108147 9
1745845213207 0.2973925734941776 10
1745845213214 0.2883347926231531 11
1745845213222 0.28153769901165593 12
1745845213230 0.27501317858695984 13
1745845213238 0.2795117577681175 14
1745845213245 0.26513448242957777 15
1745845213253 0.27025508422117966 16
1745845213261 0.2735433658728233 17
1745845213269 0.26497484972843754 18
1745845213280 0.2615484045102046 19
