1745845361401 0.6757236289978027 0
1745845361413 0.5728596830368042 1
1745845361423 0.4467214345932007 2
1745845361434 0.3579647499322891 3
1745845361445 0.32213729023933413 4
1745845361455 0.31084187448024747 5
1745845361467 0.30751920461654664 6
1745845361478 0.293249574303627 7
1745845361488 0.27968746453523635 8
1745845361500 0.2782590669393539 9
1745845361511 0.2727711391448975 10
1745845361521 0.2729557931423187 11
1745845361532 0.26043093830347064 12
1745845361543 0.2542993605136871 13
1745845361553 0.25814370095729827 14
1745845361564 0.2632176923751831 15
1745845361575 0.24243648260831832 16
1745845361586 0.23047234147787093 17
1745845361597 0.24098746985197067 18
1745845361608 0.2242519137263298 19
