1745845134455 0.6603534460067749 0
1745845134465 0.543123586177826 1
1745845134476 0.41027825474739077 2
1745845134487 0.3354664999246597 3
1745845134498 0.3242426228523254 4
1745845134509 0.3098450708389282 5
1745845134523 0.3032923865318298 6
1745845134534 0.2860183903574944 7
1745845134549 0.2871467936038971 8
1745845134561 0.28472265005111697 9
1745845134574 0.2709946769475937 10
1745845134587 0.2715634599328041 11
1745845134599 0.27450723528862 12
1745845134611 0.26123938798904417 13
1745845134623 0.259190374314785 14
1745845134634 0.25700669139623644 15
1745845134647 0.24264306336641311 16
1745845134659 0.23460175842046738 17
1745845134672 0.2438944610953331 18
1745845134684 0.23806191712617875 19
