1745904641895 0.6594061732292176 0
1745904641905 0.5454708898067474 1
1745904641916 0.4260265588760376 2
1745904641926 0.361263182759285 3
1745904641936 0.32184366703033446 4
1745904641945 0.30360331654548645 5
1745904641955 0.3022367012500763 6
1745904641965 0.29228028893470764 7
1745904641974 0.2807564967870712 8
1745904641984 0.2807751631736755 9
1745904641994 0.2692022037506103 10
1745904642003 0.26509896039962766 11
1745904642013 0.26262881070375443 12
1745904642022 0.25590546041727064 13
1745904642031 0.2559889805316925 14
1745904642041 0.2525958201289177 15
1745904642050 0.23147086828947067 16
1745904642059 0.24350155562162398 17
1745904642069 0.2314196252822876 18
1745904642078 0.2287433522939682 19
