1745845209097 0.6930998182296753 0
1745845209108 0.6847504711151123 1
1745845209119 0.6739398860931396 2
1745845209129 0.6692903637886047 3
1745845209140 0.6605319428443909 4
1745845209150 0.652328999042511 5
1745845209161 0.6427115774154664 6
1745845209171 0.6295790266990662 7
1745845209181 0.6193489480018616 8
1745845209191 0.6082912039756775 9
1745845209200 0.5972949600219727 10
1745845209210 0.5803626823425293 11
1745845209220 0.5739215111732483 12
1745845209230 0.5550909388065338 13
1745845209240 0.548588250875473 14
1745845209251 0.5301016211509705 15
1745845209261 0.5178354048728943 16
1745845209270 0.5033415114879608 17
1745845209280 0.49146644115447996 18
1745845209290 0.47327829599380494 19
