1745845370195 0.6852601051330567 0
1745845370208 0.6231706690788269 1
1745845370221 0.4964779567718506 2
1745845370236 0.38404542446136475 3
1745845370250 0.3537515962123871 4
1745845370263 0.3092306870222092 5
1745845370277 0.31437775015830993 6
1745845370288 0.3073426315188408 7
1745845370301 0.2989482045173645 8
1745845370312 0.2690746077895165 9
1745845370327 0.27563190877437593 10
1745845370339 0.27283370137214663 11
1745845370351 0.25934091210365295 12
1745845370363 0.24753252446651458 13
1745845370375 0.2483466336131096 14
1745845370391 0.2547153291106224 15
1745845370402 0.2324557736515999 16
1745845370414 0.23940481036901473 17
1745845370425 0.24099083840847016 18
1745845370436 0.2309936338663101 19
