1745845198275 0.6312892031669617 0
1745845198285 0.5248217916488648 1
1745845198298 0.41105379939079284 2
1745845198309 0.3513635164499283 3
1745845198321 0.3153697580099106 4
1745845198335 0.3070154505968094 5
1745845198346 0.30855757772922515 6
1745845198358 0.2815103900432587 7
1745845198372 0.27425445199012755 8
1745845198385 0.2704454773664475 9
1745845198397 0.2693993276357651 10
1745845198408 0.25539937376976013 11
1745845198421 0.25741155236959457 12
1745845198433 0.26427329003810884 13
1745845198445 0.26676867306232455 14
1745845198457 0.24898626655340195 15
1745845198468 0.2413120052218437 16
1745845198478 0.23308116137981416 17
1745845198489 0.23634433150291442 18
1745845198499 0.23112298041582108 19
